[gd_scene load_steps=54 format=3 uid="uid://b242xoyj0e4wt"]

[ext_resource type="PackedScene" uid="uid://tkomaqctu4g6" path="res://assets/models/animations/animation_pack.glb" id="1_ph40y"]

[sub_resource type="CapsuleShape3D" id="CapsuleShape3D_1x2fr"]
radius = 0.010182401
height = 0.10182401

[sub_resource type="CapsuleShape3D" id="CapsuleShape3D_asm3a"]
radius = 0.010002686
height = 0.10002686

[sub_resource type="CapsuleShape3D" id="CapsuleShape3D_yf7gs"]
radius = 0.009322087
height = 0.093220875

[sub_resource type="CapsuleShape3D" id="CapsuleShape3D_6cy24"]
radius = 0.01686532
height = 0.1686532

[sub_resource type="CapsuleShape3D" id="CapsuleShape3D_mspml"]
radius = 0.009764328
height = 0.09764328

[sub_resource type="CapsuleShape3D" id="CapsuleShape3D_ql4jn"]
radius = 0.02327897
height = 0.2327897

[sub_resource type="CapsuleShape3D" id="CapsuleShape3D_lgxc5"]
radius = 0.010838196
height = 0.10838196

[sub_resource type="CapsuleShape3D" id="CapsuleShape3D_vevcn"]
radius = 0.027841503
height = 0.27841502

[sub_resource type="CapsuleShape3D" id="CapsuleShape3D_p1650"]
radius = 0.02832881
height = 0.2832881

[sub_resource type="CapsuleShape3D" id="CapsuleShape3D_5a1ul"]
radius = 0.0039680335
height = 0.039680336

[sub_resource type="CapsuleShape3D" id="CapsuleShape3D_vyxpe"]
radius = 0.004191032
height = 0.04191032

[sub_resource type="CapsuleShape3D" id="CapsuleShape3D_t6lja"]
radius = 0.0034179676
height = 0.034179676

[sub_resource type="CapsuleShape3D" id="CapsuleShape3D_ugtqj"]
radius = 0.002576256
height = 0.02576256

[sub_resource type="CapsuleShape3D" id="CapsuleShape3D_gjppp"]
radius = 0.0036999981
height = 0.03699998

[sub_resource type="CapsuleShape3D" id="CapsuleShape3D_n7o68"]
radius = 0.0028500152
height = 0.028500153

[sub_resource type="CapsuleShape3D" id="CapsuleShape3D_lpdue"]
radius = 0.0027722032
height = 0.02772203

[sub_resource type="CapsuleShape3D" id="CapsuleShape3D_e8a7o"]
radius = 0.0036999986
height = 0.036999986

[sub_resource type="CapsuleShape3D" id="CapsuleShape3D_ptylj"]
radius = 0.0029500136
height = 0.029500136

[sub_resource type="CapsuleShape3D" id="CapsuleShape3D_0w1wc"]
radius = 0.0029465957
height = 0.029465957

[sub_resource type="CapsuleShape3D" id="CapsuleShape3D_nvwlu"]
radius = 0.0033793047
height = 0.033793047

[sub_resource type="CapsuleShape3D" id="CapsuleShape3D_81kla"]
radius = 0.002889696
height = 0.02889696

[sub_resource type="CapsuleShape3D" id="CapsuleShape3D_xdcas"]
radius = 0.0026388033
height = 0.026388032

[sub_resource type="CapsuleShape3D" id="CapsuleShape3D_rie7y"]
radius = 0.0036000002
height = 0.036000002

[sub_resource type="CapsuleShape3D" id="CapsuleShape3D_bnw1t"]
radius = 0.0020999922
height = 0.020999923

[sub_resource type="CapsuleShape3D" id="CapsuleShape3D_gytki"]
radius = 0.002115793
height = 0.02115793

[sub_resource type="CapsuleShape3D" id="CapsuleShape3D_fgrbh"]
radius = 0.010837707
height = 0.10837707

[sub_resource type="CapsuleShape3D" id="CapsuleShape3D_t3msp"]
radius = 0.027841482
height = 0.27841482

[sub_resource type="CapsuleShape3D" id="CapsuleShape3D_ses1d"]
radius = 0.02832881
height = 0.2832881

[sub_resource type="CapsuleShape3D" id="CapsuleShape3D_0su52"]
radius = 0.0039695757
height = 0.03969576

[sub_resource type="CapsuleShape3D" id="CapsuleShape3D_8bkic"]
radius = 0.004189145
height = 0.04189145

[sub_resource type="CapsuleShape3D" id="CapsuleShape3D_fhqbn"]
radius = 0.0034200617
height = 0.034200616

[sub_resource type="CapsuleShape3D" id="CapsuleShape3D_rnndc"]
radius = 0.0025818634
height = 0.025818635

[sub_resource type="CapsuleShape3D" id="CapsuleShape3D_62i1w"]
radius = 0.003699997
height = 0.03699997

[sub_resource type="CapsuleShape3D" id="CapsuleShape3D_ed3ad"]
radius = 0.0028500063
height = 0.028500063

[sub_resource type="CapsuleShape3D" id="CapsuleShape3D_6sd8g"]
radius = 0.002774895
height = 0.02774895

[sub_resource type="CapsuleShape3D" id="CapsuleShape3D_mjrwf"]
radius = 0.003699997
height = 0.03699997

[sub_resource type="CapsuleShape3D" id="CapsuleShape3D_yhvfg"]
radius = 0.0029499969
height = 0.029499969

[sub_resource type="CapsuleShape3D" id="CapsuleShape3D_fck5y"]
radius = 0.0029529035
height = 0.029529035

[sub_resource type="CapsuleShape3D" id="CapsuleShape3D_2n5rt"]
radius = 0.0031499942
height = 0.03149994

[sub_resource type="CapsuleShape3D" id="CapsuleShape3D_4uahm"]
radius = 0.0029499973
height = 0.029499972

[sub_resource type="CapsuleShape3D" id="CapsuleShape3D_b8wl2"]
radius = 0.0026443026
height = 0.026443025

[sub_resource type="CapsuleShape3D" id="CapsuleShape3D_6iqqe"]
radius = 0.0036000062
height = 0.03600006

[sub_resource type="CapsuleShape3D" id="CapsuleShape3D_tfje4"]
radius = 0.0020999988
height = 0.020999987

[sub_resource type="CapsuleShape3D" id="CapsuleShape3D_ld0k1"]
radius = 0.0021254886
height = 0.021254886

[sub_resource type="CapsuleShape3D" id="CapsuleShape3D_nb7h5"]
radius = 0.044371493
height = 0.44371492

[sub_resource type="CapsuleShape3D" id="CapsuleShape3D_im2lq"]
radius = 0.04452779
height = 0.44527793

[sub_resource type="CapsuleShape3D" id="CapsuleShape3D_8jswo"]
radius = 0.013816899
height = 0.13816899

[sub_resource type="CapsuleShape3D" id="CapsuleShape3D_bdcbh"]
radius = 0.009278098
height = 0.09278098

[sub_resource type="CapsuleShape3D" id="CapsuleShape3D_cciac"]
radius = 0.04437139
height = 0.4437139

[sub_resource type="CapsuleShape3D" id="CapsuleShape3D_hojch"]
radius = 0.0445278
height = 0.445278

[sub_resource type="CapsuleShape3D" id="CapsuleShape3D_f6cpo"]
radius = 0.013816903
height = 0.13816904

[sub_resource type="CapsuleShape3D" id="CapsuleShape3D_wel7f"]
radius = 0.009278098
height = 0.092780985

[node name="animation_pack" instance=ExtResource("1_ph40y")]

[node name="GeneralSkeleton" parent="main" index="0"]
bones/0/position = Vector3(-0.014475536, 0.7458371, -0.0049835816)
bones/0/rotation = Quaternion(0.06095087, -0.5555324, -0.060160745, 0.82707286)
bones/1/rotation = Quaternion(0.082887664, -0.05646663, 0.008758481, 0.99491936)
bones/2/rotation = Quaternion(0.07968972, -0.04915148, -0.01876801, 0.99543035)
bones/3/rotation = Quaternion(0.07903642, -0.050162416, -0.01869684, 0.9954333)
bones/4/rotation = Quaternion(0.04133912, 0.09390667, -0.013747616, 0.9946274)
bones/5/rotation = Quaternion(-0.19672035, 0.4625508, -0.0930025, 0.85947573)
bones/7/rotation = Quaternion(0.5000269, -0.4993025, -0.47289425, -0.5263469)
bones/8/rotation = Quaternion(0.1907579, 0.88975346, -0.32687512, 0.2551526)
bones/9/rotation = Quaternion(0.49582443, 0.5041417, -0.49582347, 0.50414133)
bones/10/rotation = Quaternion(0.028161012, -0.8258393, -0.1725361, 0.5361229)
bones/11/rotation = Quaternion(-0.02765442, -0.6991417, -0.31102237, 0.64319605)
bones/12/rotation = Quaternion(0.21625903, -0.14110297, -0.05570988, 0.9644783)
bones/13/rotation = Quaternion(0.5675915, -0.14225785, 0.015796991, 0.8107732)
bones/14/scale = Vector3(1.0005779, 1.0004864, 1.0001513)
bones/15/rotation = Quaternion(0.57647264, -0.0031620567, 0.074712135, 0.8136876)
bones/16/rotation = Quaternion(0.5948819, 0, 0.07249671, 0.8005372)
bones/17/rotation = Quaternion(0.47123986, -5.9604645e-08, 0.057428718, 0.8801335)
bones/19/rotation = Quaternion(0.59004784, 5.3420663e-05, 0.07183474, 0.80416626)
bones/20/rotation = Quaternion(0.6668315, -9.313227e-08, 0.08126501, 0.7407644)
bones/21/rotation = Quaternion(0.3042768, -8.356572e-05, 0.037054185, 0.9518628)
bones/23/rotation = Quaternion(0.5908489, 0.004243031, 0.06622425, 0.80404854)
bones/24/rotation = Quaternion(0.6665932, -1.4901161e-08, 0.081235886, 0.74098194)
bones/25/rotation = Quaternion(0.3434167, -8.358061e-05, 0.041820288, 0.9382516)
bones/27/rotation = Quaternion(0.5577447, 0.0095923245, 0.053682774, 0.8282192)
bones/28/rotation = Quaternion(0.66680974, 2.9802322e-08, 0.08126235, 0.7407842)
bones/29/rotation = Quaternion(0.30428064, -5.9604645e-08, 0.037081838, 0.9518604)
bones/31/rotation = Quaternion(0.48570836, 0.48890376, 0.5658504, -0.45263004)
bones/32/rotation = Quaternion(-0.113471955, 0.9832394, -0.14267111, -0.0030724262)
bones/33/rotation = Quaternion(0.320314, -0.6303959, 0.32031405, 0.6303959)
bones/34/rotation = Quaternion(-0.2369625, 0.6022341, 0.26921886, 0.71322083)
bones/35/rotation = Quaternion(-0.21676448, 0.76285726, 0.13444951, 0.5941256)
bones/36/rotation = Quaternion(0.14072786, -0.12834804, 0.026248896, 0.9813427)
bones/37/rotation = Quaternion(0.22843418, 0.12337698, 0.026325468, 0.9653513)
bones/38/scale = Vector3(1.000578, 1.0004865, 1.0001519)
bones/39/rotation = Quaternion(0.25573415, -0.015848115, 0.030774593, 0.9661273)
bones/40/rotation = Quaternion(0.3483933, -4.9173826e-07, -0.042044755, 0.93640506)
bones/41/rotation = Quaternion(0.227566, -2.8312206e-07, -0.027463168, 0.9733754)
bones/43/rotation = Quaternion(0.26078278, -0.0060373843, -0.008917421, 0.9653375)
bones/44/rotation = Quaternion(0.28451756, -4.0233135e-07, -0.03433609, 0.95805573)
bones/45/rotation = Quaternion(0.24076468, -4.4703478e-07, -0.02905586, 0.9701485)
bones/47/rotation = Quaternion(0.28169224, -0.0049821134, -0.016905962, 0.9593429)
bones/48/rotation = Quaternion(0.31974328, -4.917383e-07, -0.038587213, 0.9467182)
bones/49/rotation = Quaternion(0.33629978, -3.427267e-07, -0.04058537, 0.9408801)
bones/51/rotation = Quaternion(0.3108225, 0.01985009, -0.09650186, 0.945348)
bones/52/rotation = Quaternion(0.3625784, 0.01287891, -0.010271341, 0.93180776)
bones/53/rotation = Quaternion(0.36708373, -5.364418e-07, -0.044300318, 0.92913246)
bones/55/rotation = Quaternion(-0.023166655, 0.46131355, 0.88689274, 0.008630955)
bones/56/rotation = Quaternion(-0.014355937, 0.728753, -0.6828116, 0.049812984)
bones/57/rotation = Quaternion(0.054799534, 0.47158724, -0.8781558, -0.05869408)
bones/58/rotation = Quaternion(1.0430877e-07, 1, 2.0861629e-07, 2.06672e-08)
bones/60/rotation = Quaternion(0.12293069, 0.45440105, 0.79929143, -0.37355182)
bones/61/rotation = Quaternion(-0.029730394, 0.75820196, -0.6483327, 0.06253644)
bones/62/rotation = Quaternion(-0.08672534, 0.60177433, -0.7651615, 0.21183564)
bones/63/rotation = Quaternion(-2.2348164e-08, 1, -5.9604645e-08, -4.558547e-08)

[node name="PhysicalBoneSimulator3D" type="PhysicalBoneSimulator3D" parent="main/GeneralSkeleton" index="0"]

[node name="Physical Bone Hips" type="PhysicalBone3D" parent="main/GeneralSkeleton/PhysicalBoneSimulator3D" index="0"]
transform = Transform3D(-0.37554258, 0.926593, -0.019828718, 0.167234, 0.046704385, -0.9848104, -0.91159236, -0.37315422, -0.17249735, -0.013467027, 0.7959603, 0.003797724)
joint_offset = Transform3D(1, 0, 0, 0, 1, 0, 0, 0, 1, 1.4017155e-06, 1.3303361e-06, 0.050896626)
body_offset = Transform3D(-0.9999998, -1.475215e-05, 3.1292439e-07, -5.066395e-07, 0.012915067, -0.99991643, 1.4781952e-05, -0.99991643, -0.012915075, 1.385808e-06, 0.050892353, 0.0006586639)
bone_name = "Hips"

[node name="CollisionShape3D" type="CollisionShape3D" parent="main/GeneralSkeleton/PhysicalBoneSimulator3D/Physical Bone Hips" index="0"]
transform = Transform3D(12.65, 0, 0, 0, -4.371139e-08, 11.7, 0, -1, -5.1142325e-07, 0, 0.010512338, 0.00013577938)
shape = SubResource("CapsuleShape3D_1x2fr")

[node name="Physical Bone Spine" type="PhysicalBone3D" parent="main/GeneralSkeleton/PhysicalBoneSimulator3D" index="1"]
transform = Transform3D(0.2679136, -0.9633778, -0.011204847, -0.16206276, -0.033598978, -0.9862083, 0.94971466, 0.2660345, -0.16512929, -0.011898812, 0.8954617, 0.020842925)
joint_type = 1
joint_offset = Transform3D(1, 0, 0, 0, 1, 0, 0, 0, 1, 1.3284964e-06, -2.566725e-06, 0.05003728)
body_offset = Transform3D(0.99999994, 1.7881393e-07, -1.5348196e-06, -1.5497208e-06, 0.14703023, -0.989132, 4.4703484e-08, 0.98913187, 0.14703023, -1.2516975e-06, 0.04949385, -0.007354453)
bone_name = "Spine"
joint_constraints/bias = 0.3
joint_constraints/damping = 1.0
joint_constraints/impulse_clamp = 0.0

[node name="CollisionShape3D" type="CollisionShape3D" parent="main/GeneralSkeleton/PhysicalBoneSimulator3D/Physical Bone Spine" index="0"]
transform = Transform3D(13.75, 0, 0, 0, -4.371139e-08, 12.28, 0, -1, -5.367758e-07, 0, -0.014128923, -0.0020999908)
shape = SubResource("CapsuleShape3D_asm3a")

[node name="Physical Bone Chest" type="PhysicalBone3D" parent="main/GeneralSkeleton/PhysicalBoneSimulator3D" index="2"]
transform = Transform3D(0.18178067, -0.97440207, 0.13227428, -0.22193882, -0.1716994, -0.95982426, 0.9579661, 0.1451207, -0.24746926, -0.017341137, 0.9894992, 0.040628545)
joint_type = 1
joint_offset = Transform3D(1, 0, 0, 0, 1, 0, 0, 0, 1, -2.5161617e-05, 0.00015651574, 0.046587866)
body_offset = Transform3D(1, 8.046627e-07, 1.7881393e-07, 8.940697e-08, 0.14703043, -0.98913205, -7.8231096e-07, 0.9891319, 0.14703043, 2.515316e-05, 0.046058536, -0.0070046484)
bone_name = "Chest"
joint_constraints/bias = 0.3
joint_constraints/damping = 1.0
joint_constraints/impulse_clamp = 0.0

[node name="CollisionShape3D" type="CollisionShape3D" parent="main/GeneralSkeleton/PhysicalBoneSimulator3D/Physical Bone Chest" index="0"]
transform = Transform3D(17.385, 0, 0, 0, -4.371139e-08, 14.2, 0, -1, -6.207017e-07, 0, -0.015414357, -0.0022913218)
shape = SubResource("CapsuleShape3D_yf7gs")

[node name="Physical Bone UpperChest" type="PhysicalBone3D" parent="main/GeneralSkeleton/PhysicalBoneSimulator3D" index="3"]
transform = Transform3D(0.101595506, -0.9476735, 0.30264392, -0.29252777, -0.3192267, -0.90139997, 0.9508449, 0.0030464383, -0.3096528, -0.04919409, 1.1102457, 0.078279756)
joint_type = 1
joint_offset = Transform3D(1, 0, 0, 0, 1, 0, 0, 0, 1, -7.6154754e-07, -7.4738637e-06, 0.08432546)
body_offset = Transform3D(1, 1.1171214e-06, 1.6093254e-06, 1.4901161e-06, 0.12148502, -0.9925933, -1.2814999e-06, 0.99259317, 0.121485, 6.2584877e-07, 0.08370179, -0.010236859)
bone_name = "UpperChest"
joint_constraints/bias = 0.3
joint_constraints/damping = 1.0
joint_constraints/impulse_clamp = 0.0

[node name="CollisionShape3D" type="CollisionShape3D" parent="main/GeneralSkeleton/PhysicalBoneSimulator3D/Physical Bone UpperChest" index="0"]
transform = Transform3D(13, 0, 0, 0, -4.371139e-08, 7.8, 0, -1, -3.4094884e-07, 0, 0, 0)
shape = SubResource("CapsuleShape3D_6cy24")

[node name="Physical Bone Neck" type="PhysicalBone3D" parent="main/GeneralSkeleton/PhysicalBoneSimulator3D" index="4"]
transform = Transform3D(-0.27777985, 0.73505056, 0.61849743, 0.22389197, 0.67564255, -0.70240986, -0.9341899, -0.05663869, -0.35225177, -0.10399258, 1.2205502, 0.12158577)
joint_type = 1
joint_offset = Transform3D(1, 0, 0, 0, 1, 0, 0, 0, 1, 0.0002507917, -0.0006664889, 0.048254278)
body_offset = Transform3D(-1, 1.2554228e-06, -1.7285347e-06, 1.8775463e-06, 0.17255677, -0.9849996, -9.685755e-07, -0.9849996, -0.17255664, 0.00025087595, 0.04764545, 0.0076701045)
bone_name = "Neck"
joint_constraints/bias = 0.3
joint_constraints/damping = 1.0
joint_constraints/impulse_clamp = 0.0

[node name="CollisionShape3D" type="CollisionShape3D" parent="main/GeneralSkeleton/PhysicalBoneSimulator3D/Physical Bone Neck" index="0"]
transform = Transform3D(5.2, 0, 0, 0, -4.371139e-08, 5.2, 0, -1, -2.2729921e-07, 0, 0, 0)
shape = SubResource("CapsuleShape3D_mspml")

[node name="Physical Bone Head" type="PhysicalBone3D" parent="main/GeneralSkeleton/PhysicalBoneSimulator3D" index="5"]
transform = Transform3D(-0.9491475, 0.25632584, 0.18280073, -0.012272858, 0.5500644, -0.8350321, -0.31459248, -0.7948121, -0.5189464, -0.15637404, 1.3520391, 0.1992)
joint_type = 1
joint_offset = Transform3D(1, 0, 0, 0, 1, 0, 0, 0, 1, 6.0159296e-06, 8.6426735e-06, 0.11639887)
body_offset = Transform3D(-0.9999998, 4.172325e-07, 1.5646219e-06, -1.3113022e-06, 0.32223618, -0.9466594, -9.23872e-07, -0.9466592, -0.32223627, 5.8338046e-06, 0.11018729, 0.037516117)
bone_name = "Head"
joint_constraints/bias = 0.3
joint_constraints/damping = 1.0
joint_constraints/impulse_clamp = 0.0

[node name="CollisionShape3D" type="CollisionShape3D" parent="main/GeneralSkeleton/PhysicalBoneSimulator3D/Physical Bone Head" index="0"]
transform = Transform3D(5.6, 0, 0, 0, -5.289078e-08, 5.6, 0, -1.21, -2.4478376e-07, 0, 0, 0)
shape = SubResource("CapsuleShape3D_ql4jn")

[node name="Physical Bone RightShoulder" type="PhysicalBone3D" parent="main/GeneralSkeleton/PhysicalBoneSimulator3D" index="6"]
transform = Transform3D(-0.19193836, -0.9721531, -0.13445453, 0.91002095, -0.12500344, -0.3952671, 0.36745283, -0.19822334, 0.9086727, -0.047270045, 1.1725351, -0.0058790743)
joint_type = 1
joint_offset = Transform3D(1, 0, 0, 0, 1, 0, 0, 0, 1, -1.7156592e-05, -5.1414827e-06, 0.05419103)
body_offset = Transform3D(0.2288661, -0.95142305, -0.20594746, 1.7881393e-06, 0.2115632, -0.97736436, 0.97345793, 0.22368513, 0.048421383, 0.011159539, 0.052965462, -0.0026061535)
bone_name = "RightShoulder"
joint_constraints/bias = 0.3
joint_constraints/damping = 1.0
joint_constraints/impulse_clamp = 0.0

[node name="CollisionShape3D" type="CollisionShape3D" parent="main/GeneralSkeleton/PhysicalBoneSimulator3D/Physical Bone RightShoulder" index="0"]
transform = Transform3D(1, 0, 0, 0, 0, 1, 0, -1, 0, 0, 0, 0)
shape = SubResource("CapsuleShape3D_lgxc5")

[node name="Physical Bone RightUpperArm" type="PhysicalBone3D" parent="main/GeneralSkeleton/PhysicalBoneSimulator3D" index="7"]
transform = Transform3D(-0.4993018, 0.61922634, -0.6060169, -0.7489755, -0.66010606, -0.05740803, -0.43558398, 0.42522788, 0.7933775, 0.044383943, 1.2019329, -0.16557463)
joint_type = 1
joint_offset = Transform3D(1, 0, 0, 0, 1, 0, 0, 0, 1, -2.3840344e-06, 4.250884e-06, 0.13920945)
body_offset = Transform3D(0.9999999, -1.2516975e-06, 4.708767e-06, 4.708767e-06, 2.8908253e-06, -0.99999994, 1.1324883e-06, 0.9999998, 2.861023e-06, 1.7285347e-06, 0.13920945, -4.6491623e-06)
bone_name = "RightUpperArm"
joint_constraints/bias = 0.3
joint_constraints/damping = 1.0
joint_constraints/impulse_clamp = 0.0

[node name="CollisionShape3D" type="CollisionShape3D" parent="main/GeneralSkeleton/PhysicalBoneSimulator3D/Physical Bone RightUpperArm" index="0"]
transform = Transform3D(2.1, 0, 0, 0, -4.371139e-08, 1.7, 0, -1, -7.430936e-08, 0, 0, 0)
shape = SubResource("CapsuleShape3D_vevcn")

[node name="Physical Bone RightLowerArm" type="PhysicalBone3D" parent="main/GeneralSkeleton/PhysicalBoneSimulator3D" index="8"]
transform = Transform3D(-0.61922395, -0.614235, 0.4891596, 0.6601089, -0.06985171, 0.7479151, -0.42522696, 0.7860255, 0.4487158, 0.0594567, 1.1039816, -0.33957538)
joint_type = 1
joint_offset = Transform3D(1, 0, 0, 0, 1, 0, 0, 0, 1, -2.881943e-06, -1.2055636e-06, 0.14164983)
body_offset = Transform3D(0.99999994, -3.2186508e-06, -3.2186508e-06, -3.2186508e-06, -4.172325e-06, -1.0000001, 3.3080578e-06, 1, -4.1127205e-06, 3.33786e-06, 0.14164984, 1.7881393e-06)
bone_name = "RightLowerArm"
joint_constraints/bias = 0.3
joint_constraints/damping = 1.0
joint_constraints/impulse_clamp = 0.0

[node name="CollisionShape3D" type="CollisionShape3D" parent="main/GeneralSkeleton/PhysicalBoneSimulator3D/Physical Bone RightLowerArm" index="0"]
transform = Transform3D(1.4, 0, 0, 0, -4.371139e-08, 1.4, 0, -1, -6.119594e-08, 0, 0, 0)
shape = SubResource("CapsuleShape3D_p1650")

[node name="Physical Bone RightHand" type="PhysicalBone3D" parent="main/GeneralSkeleton/PhysicalBoneSimulator3D" index="9"]
transform = Transform3D(0.6464905, -0.69753045, 0.309033, -0.56712633, -0.16844033, 0.8062231, -0.5103115, -0.6964763, -0.5044829, -0.015958749, 0.9820505, -0.39312288)
joint_type = 1
joint_offset = Transform3D(1, 0, 0, 0, 1, 0, 0, 0, 1, 2.4074689e-06, -3.6449637e-06, 0.019840838)
body_offset = Transform3D(-0.5061591, -0.53571576, -0.6758783, 8.6426735e-07, 0.7836813, -0.6211632, 0.86244005, -0.31440789, -0.39666682, 0.013409257, 0.012327254, 0.007866979)
bone_name = "RightHand"
joint_constraints/bias = 0.3
joint_constraints/damping = 1.0
joint_constraints/impulse_clamp = 0.0

[node name="CollisionShape3D" type="CollisionShape3D" parent="main/GeneralSkeleton/PhysicalBoneSimulator3D/Physical Bone RightHand" index="0"]
transform = Transform3D(1, 0, 0, 0, 0, 1, 0, -1, 0, 0, 0, 0)
shape = SubResource("CapsuleShape3D_5a1ul")

[node name="Physical Bone RightThumbMetacarpal" type="PhysicalBone3D" parent="main/GeneralSkeleton/PhysicalBoneSimulator3D" index="10"]
transform = Transform3D(-0.34904447, -0.9368098, -0.023565898, -0.08420539, 0.0063083177, 0.9964285, -0.9333153, 0.3497822, -0.08108632, -0.021581298, 0.94518614, -0.38141802)
joint_type = 1
joint_offset = Transform3D(1, 0, 0, 0, 1, 0, 0, 0, 1, 6.2875915e-07, 1.1319964e-05, 0.0209433)
body_offset = Transform3D(-0.18070188, -0.8762006, -0.446787, 1.0877848e-06, 0.45454127, -0.891408, 0.9841356, -0.16107956, -0.082135685, 0.009367228, 0.018663883, 0.001721397)
bone_name = "RightThumbMetacarpal"
joint_constraints/bias = 0.3
joint_constraints/damping = 1.0
joint_constraints/impulse_clamp = 0.0

[node name="CollisionShape3D" type="CollisionShape3D" parent="main/GeneralSkeleton/PhysicalBoneSimulator3D/Physical Bone RightThumbMetacarpal" index="0"]
transform = Transform3D(1, 0, 0, 0, 0, 1, 0, -1, 0, 0, 0, 0)
shape = SubResource("CapsuleShape3D_vyxpe")

[node name="Physical Bone RightThumbProximal" type="PhysicalBone3D" parent="main/GeneralSkeleton/PhysicalBoneSimulator3D" index="11"]
transform = Transform3D(-0.4214049, -0.9068406, -0.0076180277, 0.39068067, -0.18911566, 0.90089065, -0.81840485, 0.3766635, 0.43397936, -0.020954195, 0.9089256, -0.38712966)
joint_type = 1
joint_offset = Transform3D(1, 0, 0, 0, 1, 0, 0, 0, 1, -1.0326039e-07, -6.0924212e-06, 0.017080747)
body_offset = Transform3D(-0.18068475, -0.87625825, -0.4468038, 1.5646219e-06, 0.45457938, -0.8913874, 0.98402613, -0.16133721, -0.08229405, 0.0076263845, 0.015228331, 0.0014047623)
bone_name = "RightThumbProximal"
joint_constraints/bias = 0.3
joint_constraints/damping = 1.0
joint_constraints/impulse_clamp = 0.0

[node name="CollisionShape3D" type="CollisionShape3D" parent="main/GeneralSkeleton/PhysicalBoneSimulator3D/Physical Bone RightThumbProximal" index="0"]
transform = Transform3D(1, 0, 0, 0, 0, 1, 0, -1, 0, 0, 0, 0)
shape = SubResource("CapsuleShape3D_t6lja")

[node name="Physical Bone RightThumbDistal" type="PhysicalBone3D" parent="main/GeneralSkeleton/PhysicalBoneSimulator3D" index="12"]
transform = Transform3D(-0.046940874, -0.992353, 0.11415766, 0.9943133, -0.05735582, -0.08972936, 0.09559081, 0.10929649, 0.98940223, -0.022275034, 0.8946856, -0.40728062)
joint_type = 1
joint_offset = Transform3D(1, 0, 0, 0, 1, 0, 0, 0, 1, 6.1179744e-06, -3.7516002e-06, 0.01287324)
body_offset = Transform3D(-0.18069474, -0.87615854, -0.4472851, -5.722046e-06, 0.45451123, -0.8912953, 0.984012, -0.16141057, -0.08211592, 0.005755827, 0.011475563, 0.0010504723)
bone_name = "RightThumbDistal"
joint_constraints/bias = 0.3
joint_constraints/damping = 1.0
joint_constraints/impulse_clamp = 0.0

[node name="CollisionShape3D" type="CollisionShape3D" parent="main/GeneralSkeleton/PhysicalBoneSimulator3D/Physical Bone RightThumbDistal" index="0"]
transform = Transform3D(1, 0, 0, 0, 0, 1, 0, -1, 0, 0, 0, 0)
shape = SubResource("CapsuleShape3D_ugtqj")

[node name="Physical Bone RightIndexProximal" type="PhysicalBone3D" parent="main/GeneralSkeleton/PhysicalBoneSimulator3D" index="13"]
transform = Transform3D(-0.18798842, 0.8995137, -0.39437997, -0.30937976, 0.3268657, 0.89299667, 0.932172, 0.2898862, 0.21684437, -0.07008261, 0.9161905, -0.40645143)
joint_type = 1
joint_offset = Transform3D(1, 0, 0, 0, 1, 0, 0, 0, 1, 3.2624773e-06, -1.5091995e-06, 0.01849592)
body_offset = Transform3D(1, 2.95043e-06, -2.3692846e-06, -2.4437904e-06, 9.685755e-06, -0.9999999, -2.9206276e-06, 0.99999994, 9.894371e-06, -3.2186508e-06, 0.018495917, 1.3262033e-06)
bone_name = "RightIndexProximal"
joint_constraints/bias = 0.3
joint_constraints/damping = 1.0
joint_constraints/impulse_clamp = 0.0

[node name="CollisionShape3D" type="CollisionShape3D" parent="main/GeneralSkeleton/PhysicalBoneSimulator3D/Physical Bone RightIndexProximal" index="0"]
transform = Transform3D(1, 0, 0, 0, 0, 1, 0, -1, 0, 0, 0, 0)
shape = SubResource("CapsuleShape3D_gjppp")

[node name="Physical Bone RightIndexIntermediate" type="PhysicalBone3D" parent="main/GeneralSkeleton/PhysicalBoneSimulator3D" index="14"]
transform = Transform3D(-0.062638335, -0.12897526, -0.98966753, -0.3815851, 0.9193702, -0.09566258, 0.9222089, 0.37165025, -0.10680285, -0.04868366, 0.90102535, -0.40893942)
joint_type = 1
joint_offset = Transform3D(1, 0, 0, 0, 1, 0, 0, 0, 1, -1.1072384e-06, 2.7146675e-06, 0.014250045)
body_offset = Transform3D(0.99999976, -8.34465e-07, 6.593764e-06, 6.5267086e-06, 1.052022e-05, -0.99999964, 9.834766e-07, 0.9999999, 1.0270625e-05, 1.013279e-06, 0.01425004, -2.861023e-06)
bone_name = "RightIndexIntermediate"
joint_constraints/bias = 0.3
joint_constraints/damping = 1.0
joint_constraints/impulse_clamp = 0.0

[node name="CollisionShape3D" type="CollisionShape3D" parent="main/GeneralSkeleton/PhysicalBoneSimulator3D/Physical Bone RightIndexIntermediate" index="0"]
transform = Transform3D(1, 0, 0, 0, 0, 1, 0, -1, 0, 0, 0, 0)
shape = SubResource("CapsuleShape3D_n7o68")

[node name="Physical Bone RightIndexDistal" type="PhysicalBone3D" parent="main/GeneralSkeleton/PhysicalBoneSimulator3D" index="15"]
transform = Transform3D(0.03083445, -0.89602286, -0.44293603, -0.3196366, 0.41103718, -0.8537452, 0.9470384, 0.16790333, -0.2737276, -0.028432518, 0.91422164, -0.40361837)
joint_type = 1
joint_offset = Transform3D(1, 0, 0, 0, 1, 0, 0, 0, 1, -5.9194695e-06, 8.785383e-06, 0.013863208)
body_offset = Transform3D(0.9999997, 1.8626451e-06, 1.3411045e-06, 1.4603138e-06, 4.798174e-06, -0.9999999, -1.7285347e-06, 0.9999997, 4.7534704e-06, 5.90086e-06, 0.013863206, -8.85129e-06)
bone_name = "RightIndexDistal"
joint_constraints/bias = 0.3
joint_constraints/damping = 1.0
joint_constraints/impulse_clamp = 0.0

[node name="CollisionShape3D" type="CollisionShape3D" parent="main/GeneralSkeleton/PhysicalBoneSimulator3D/Physical Bone RightIndexDistal" index="0"]
transform = Transform3D(1, 0, 0, 0, 0, 1, 0, -1, 0, 0, 0, 0)
shape = SubResource("CapsuleShape3D_lpdue")

[node name="Physical Bone RightMiddleProximal" type="PhysicalBone3D" parent="main/GeneralSkeleton/PhysicalBoneSimulator3D" index="16"]
transform = Transform3D(-0.19071537, 0.8858369, -0.42299017, -0.30305612, 0.356719, 0.8836903, 0.93369406, 0.2967231, 0.20042652, -0.07240643, 0.92137206, -0.42899713)
joint_type = 1
joint_offset = Transform3D(1, 0, 0, 0, 1, 0, 0, 0, 1, -1.429692e-06, 2.6968432e-06, 0.018502835)
body_offset = Transform3D(0.9999997, 2.7120113e-06, -4.4703484e-08, -1.4901161e-07, 7.1153045e-07, -0.99999976, -2.682209e-06, 0.99999994, 8.1956387e-07, 1.4305115e-06, 0.018502831, -2.7120113e-06)
bone_name = "RightMiddleProximal"
joint_constraints/bias = 0.3
joint_constraints/damping = 1.0
joint_constraints/impulse_clamp = 0.0

[node name="CollisionShape3D" type="CollisionShape3D" parent="main/GeneralSkeleton/PhysicalBoneSimulator3D/Physical Bone RightMiddleProximal" index="0"]
transform = Transform3D(1, 0, 0, 0, 0, 1, 0, -1, 0, 0, 0, 0)
shape = SubResource("CapsuleShape3D_e8a7o")

[node name="Physical Bone RightMiddleIntermediate" type="PhysicalBone3D" parent="main/GeneralSkeleton/PhysicalBoneSimulator3D" index="17"]
transform = Transform3D(-0.04126131, -0.34052262, -0.9393306, -0.3667829, 0.8796565, -0.30277842, 0.9293911, 0.33203736, -0.16119368, -0.050726946, 0.9094952, -0.43032575)
joint_type = 1
joint_offset = Transform3D(1, 0, 0, 0, 1, 0, 0, 0, 1, -1.0636575e-06, -2.7244432e-06, 0.014748426)
body_offset = Transform3D(0.99999976, -1.4305115e-06, -6.2584877e-07, -5.811453e-07, -5.1371753e-06, -0.99999994, 1.5795231e-06, 0.99999976, -5.2191317e-06, 1.0728836e-06, 0.014748424, 2.8014183e-06)
bone_name = "RightMiddleIntermediate"
joint_constraints/bias = 0.3
joint_constraints/damping = 1.0
joint_constraints/impulse_clamp = 0.0

[node name="CollisionShape3D" type="CollisionShape3D" parent="main/GeneralSkeleton/PhysicalBoneSimulator3D/Physical Bone RightMiddleIntermediate" index="0"]
transform = Transform3D(1, 0, 0, 0, 0, 1, 0, -1, 0, 0, 0, 0)
shape = SubResource("CapsuleShape3D_ptylj")

[node name="Physical Bone RightMiddleDistal" type="PhysicalBone3D" parent="main/GeneralSkeleton/PhysicalBoneSimulator3D" index="18"]
transform = Transform3D(0.017590676, -0.8226548, -0.56826913, -0.32444897, 0.53290445, -0.78150225, 0.9457396, 0.19812149, -0.2575353, -0.028503947, 0.9254743, -0.42415175)
joint_type = 1
joint_offset = Transform3D(1, 0, 0, 0, 1, 0, 0, 0, 1, -3.2043206e-06, -7.127791e-06, 0.014730697)
body_offset = Transform3D(0.9999998, 0.00020629168, 0.00015288591, 0.00015304983, -0.00025869533, -0.9999999, -0.00020620227, 0.9999999, -0.00025866553, 9.536743e-07, 0.014730692, 1.0937452e-05)
bone_name = "RightMiddleDistal"
joint_constraints/bias = 0.3
joint_constraints/damping = 1.0
joint_constraints/impulse_clamp = 0.0

[node name="CollisionShape3D" type="CollisionShape3D" parent="main/GeneralSkeleton/PhysicalBoneSimulator3D/Physical Bone RightMiddleDistal" index="0"]
transform = Transform3D(1, 0, 0, 0, 0, 1, 0, -1, 0, 0, 0, 0)
shape = SubResource("CapsuleShape3D_0w1wc")

[node name="Physical Bone RightRingProximal" type="PhysicalBone3D" parent="main/GeneralSkeleton/PhysicalBoneSimulator3D" index="19"]
transform = Transform3D(-0.19660665, 0.8849814, -0.42208272, -0.29070297, 0.35851437, 0.88710725, 0.9363961, 0.2971119, 0.1867804, -0.06662014, 0.92825675, -0.4455987)
joint_type = 1
joint_offset = Transform3D(1, 0, 0, 0, 1, 0, 0, 0, 1, 7.146264e-06, -2.2215363e-07, 0.016890945)
body_offset = Transform3D(1, -3.3974648e-06, 3.7252903e-07, 2.9802322e-07, 4.1536987e-06, -0.9999998, 3.4570694e-06, 0.99999994, 4.3287873e-06, -7.1525574e-06, 0.016890943, 1.4901161e-07)
bone_name = "RightRingProximal"
joint_constraints/bias = 0.3
joint_constraints/damping = 1.0
joint_constraints/impulse_clamp = 0.0

[node name="CollisionShape3D" type="CollisionShape3D" parent="main/GeneralSkeleton/PhysicalBoneSimulator3D/Physical Bone RightRingProximal" index="0"]
transform = Transform3D(1, 0, 0, 0, 0, 1, 0, -1, 0, 0, 0, 0)
shape = SubResource("CapsuleShape3D_nvwlu")

[node name="Physical Bone RightRingIntermediate" type="PhysicalBone3D" parent="main/GeneralSkeleton/PhysicalBoneSimulator3D" index="20"]
transform = Transform3D(-0.047366027, -0.33975273, -0.93932134, -0.35483283, 0.88476694, -0.3021277, 0.9337292, 0.31899145, -0.16246332, -0.045909964, 0.9176307, -0.4464052)
joint_type = 1
joint_offset = Transform3D(1, 0, 0, 0, 1, 0, 0, 0, 1, 5.260615e-06, -1.0911215e-06, 0.014454888)
body_offset = Transform3D(0.9999998, -6.854534e-06, -9.313226e-06, -9.283423e-06, 1.3746321e-06, -0.9999999, 7.0035458e-06, 0.99999976, 1.2591481e-06, -5.1259995e-06, 0.014454886, 1.0728836e-06)
bone_name = "RightRingIntermediate"
joint_constraints/bias = 0.3
joint_constraints/damping = 1.0
joint_constraints/impulse_clamp = 0.0

[node name="CollisionShape3D" type="CollisionShape3D" parent="main/GeneralSkeleton/PhysicalBoneSimulator3D/Physical Bone RightRingIntermediate" index="0"]
transform = Transform3D(1, 0, 0, 0, 0, 1, 0, -1, 0, 0, 0, 0)
shape = SubResource("CapsuleShape3D_81kla")

[node name="Physical Bone RightRingDistal" type="PhysicalBone3D" parent="main/GeneralSkeleton/PhysicalBoneSimulator3D" index="21"]
transform = Transform3D(0.01665651, -0.86629575, -0.49925363, -0.30434787, 0.4712359, -0.827834, 0.95241535, 0.16573559, -0.25580615, -0.025751974, 0.9329126, -0.44068736)
joint_type = 1
joint_offset = Transform3D(1, 0, 0, 0, 1, 0, 0, 0, 1, 7.084123e-06, 6.0836846e-06, 0.013193548)
body_offset = Transform3D(1, -2.8163195e-06, 6.7055225e-07, 8.1956387e-07, -3.6880374e-07, -1, 2.9355288e-06, 0.99999976, -3.054738e-07, -7.0929527e-06, 0.013193548, -6.0796738e-06)
bone_name = "RightRingDistal"
joint_constraints/bias = 0.3
joint_constraints/damping = 1.0
joint_constraints/impulse_clamp = 0.0

[node name="CollisionShape3D" type="CollisionShape3D" parent="main/GeneralSkeleton/PhysicalBoneSimulator3D/Physical Bone RightRingDistal" index="0"]
transform = Transform3D(1, 0, 0, 0, 0, 1, 0, -1, 0, 0, 0, 0)
shape = SubResource("CapsuleShape3D_xdcas")

[node name="Physical Bone RightLittleProximal" type="PhysicalBone3D" parent="main/GeneralSkeleton/PhysicalBoneSimulator3D" index="22"]
transform = Transform3D(-0.206253, 0.91640294, -0.3430238, -0.26291642, 0.28576767, 0.9215269, 0.94251513, 0.28025427, 0.18199694, -0.053937886, 0.9330592, -0.46229595)
joint_type = 1
joint_offset = Transform3D(1, 0, 0, 0, 1, 0, 0, 0, 1, 2.9654034e-06, -1.3426333e-06, 0.017990889)
body_offset = Transform3D(0.9999999, 3.8146973e-06, -2.488494e-06, -2.5629997e-06, 1.231581e-05, -0.9999999, -3.8146973e-06, 1, 1.2509525e-05, -2.9206276e-06, 0.017990887, 1.1175871e-06)
bone_name = "RightLittleProximal"
joint_constraints/bias = 0.3
joint_constraints/damping = 1.0
joint_constraints/impulse_clamp = 0.0

[node name="CollisionShape3D" type="CollisionShape3D" parent="main/GeneralSkeleton/PhysicalBoneSimulator3D/Physical Bone RightLittleProximal" index="0"]
transform = Transform3D(1, 0, 0, 0, 0, 1, 0, -1, 0, 0, 0, 0)
shape = SubResource("CapsuleShape3D_rie7y")

[node name="Physical Bone RightLittleIntermediate" type="PhysicalBone3D" parent="main/GeneralSkeleton/PhysicalBoneSimulator3D" index="23"]
transform = Transform3D(-0.06291125, -0.25976935, -0.9636193, -0.3394277, 0.9135444, -0.22411034, 0.93852603, 0.31298, -0.14564514, -0.037642684, 0.9188189, -0.4640404)
joint_type = 1
joint_offset = Transform3D(1, 0, 0, 0, 1, 0, 0, 0, 1, -1.0635659e-07, -3.3159313e-06, 0.010501921)
body_offset = Transform3D(1, 6.1690807e-06, -1.2218952e-06, -1.2218952e-06, 3.8184226e-06, -1, -6.109476e-06, 1, 3.5874546e-06, 1.1920929e-07, 0.010501921, 3.2782555e-06)
bone_name = "RightLittleIntermediate"
joint_constraints/bias = 0.3
joint_constraints/damping = 1.0
joint_constraints/impulse_clamp = 0.0

[node name="CollisionShape3D" type="CollisionShape3D" parent="main/GeneralSkeleton/PhysicalBoneSimulator3D/Physical Bone RightLittleIntermediate" index="0"]
transform = Transform3D(1, 0, 0, 0, 0, 1, 0, -1, 0, 0, 0, 0)
shape = SubResource("CapsuleShape3D_bnw1t")

[node name="Physical Bone RightLittleDistal" type="PhysicalBone3D" parent="main/GeneralSkeleton/PhysicalBoneSimulator3D" index="24"]
transform = Transform3D(-0.0005381904, -0.77127683, -0.6364997, -0.30205202, 0.6068952, -0.7351482, 0.9532913, 0.19186038, -0.23329236, -0.020794751, 0.9289546, -0.460044)
joint_type = 1
joint_offset = Transform3D(1, 0, 0, 0, 1, 0, 0, 0, 1, 2.1345825e-06, -7.3258807e-06, 0.010583937)
body_offset = Transform3D(0.99999976, 2.9161572e-05, 2.360344e-05, 2.3677945e-05, 5.1520765e-06, -1, -2.913177e-05, 0.99999976, 5.118549e-06, -2.3841858e-06, 0.010583937, 7.2717667e-06)
bone_name = "RightLittleDistal"
joint_constraints/bias = 0.3
joint_constraints/damping = 1.0
joint_constraints/impulse_clamp = 0.0

[node name="CollisionShape3D" type="CollisionShape3D" parent="main/GeneralSkeleton/PhysicalBoneSimulator3D/Physical Bone RightLittleDistal" index="0"]
transform = Transform3D(1, 0, 0, 0, 0, 1, 0, -1, 0, 0, 0, 0)
shape = SubResource("CapsuleShape3D_gytki")

[node name="Physical Bone LeftShoulder" type="PhysicalBone3D" parent="main/GeneralSkeleton/PhysicalBoneSimulator3D" index="25"]
transform = Transform3D(0.2307838, -0.9406368, -0.24888009, -0.87226844, -0.31334814, 0.3754475, -0.4311459, 0.13044302, -0.8928034, -0.031781048, 1.1040149, 0.17865047)
joint_type = 1
joint_offset = Transform3D(1, 0, 0, 0, 1, 0, 0, 0, 1, 2.606772e-06, -6.319897e-06, 0.05418957)
body_offset = Transform3D(0.22878271, 0.9514395, 0.20596421, 3.3676624e-06, 0.21157493, -0.9773618, -0.97347766, 0.22360417, 0.048401564, -0.011155695, 0.05296415, -0.0026189089)
bone_name = "LeftShoulder"
joint_constraints/bias = 0.3
joint_constraints/damping = 1.0
joint_constraints/impulse_clamp = 0.0

[node name="CollisionShape3D" type="CollisionShape3D" parent="main/GeneralSkeleton/PhysicalBoneSimulator3D/Physical Bone LeftShoulder" index="0"]
transform = Transform3D(1, 0, 0, 0, 0, 1, 0, -1, 0, 0, 0, 0)
shape = SubResource("CapsuleShape3D_fgrbh")

[node name="Physical Bone LeftUpperArm" type="PhysicalBone3D" parent="main/GeneralSkeleton/PhysicalBoneSimulator3D" index="26"]
transform = Transform3D(0.84334314, 0.39281902, -0.36669555, 0.53651625, -0.6540666, 0.53324217, -0.03037565, -0.6464442, -0.7623563, 0.03271879, 1.0094154, 0.33314377)
joint_type = 1
joint_offset = Transform3D(1, 0, 0, 0, 1, 0, 0, 0, 1, 4.5028795e-05, -5.484724e-06, 0.13919829)
body_offset = Transform3D(0.9999999, -8.09636e-05, -0.00021387078, -0.00021386892, 6.943941e-05, -1.0000001, 8.099526e-05, 1, 6.9350004e-05, -1.5258789e-05, 0.1391983, -4.172325e-06)
bone_name = "LeftUpperArm"
joint_constraints/bias = 0.3
joint_constraints/damping = 1.0
joint_constraints/impulse_clamp = 0.0

[node name="CollisionShape3D" type="CollisionShape3D" parent="main/GeneralSkeleton/PhysicalBoneSimulator3D/Physical Bone LeftUpperArm" index="0"]
transform = Transform3D(2.1, 0, 0, 0, -4.371139e-08, 1.7, 0, -1, -7.430936e-08, 0, 0, 0)
shape = SubResource("CapsuleShape3D_t3msp")

[node name="Physical Bone LeftLowerArm" type="PhysicalBone3D" parent="main/GeneralSkeleton/PhysicalBoneSimulator3D" index="27"]
transform = Transform3D(0.392863, -0.7933136, 0.4650938, -0.65398437, 0.11453838, 0.74778706, -0.64650077, -0.5979419, -0.4738168, 0.017884277, 0.8292407, 0.50637853)
joint_type = 1
joint_offset = Transform3D(1, 0, 0, 0, 1, 0, 0, 0, 1, -3.0898132e-06, -1.3503455e-06, 0.1416444)
body_offset = Transform3D(1.0000001, -5.9604645e-08, -2.592802e-06, -2.503395e-06, -2.5629997e-06, -1.0000001, 1.1920929e-07, 1, -2.3543835e-06, 3.4570694e-06, 0.14164442, 1.6838312e-06)
bone_name = "LeftLowerArm"
joint_constraints/bias = 0.3
joint_constraints/damping = 1.0
joint_constraints/impulse_clamp = 0.0

[node name="CollisionShape3D" type="CollisionShape3D" parent="main/GeneralSkeleton/PhysicalBoneSimulator3D/Physical Bone LeftLowerArm" index="0"]
transform = Transform3D(1.4, 0, 0, 0, -4.371139e-08, 1.4, 0, -1, -6.119594e-08, 0, 0, 0)
shape = SubResource("CapsuleShape3D_ses1d")

[node name="Physical Bone LeftHand" type="PhysicalBone3D" parent="main/GeneralSkeleton/PhysicalBoneSimulator3D" index="28"]
transform = Transform3D(-0.27036136, 0.00074224116, 0.96275866, 0.9609306, 0.061807524, 0.26980036, -0.059305467, 0.9980878, -0.017423607, -0.06711054, 0.71796983, 0.5738438)
joint_type = 1
joint_offset = Transform3D(1, 0, 0, 0, 1, 0, 0, 0, 1, -3.31318e-06, -2.6936177e-06, 0.019855907)
body_offset = Transform3D(-0.50671643, 0.53558904, 0.6755611, -1.899898e-07, 0.78361106, -0.6212516, -0.8621128, -0.31479862, -0.39706838, -0.013414115, 0.012337625, 0.007880449)
bone_name = "LeftHand"
joint_constraints/bias = 0.3
joint_constraints/damping = 1.0
joint_constraints/impulse_clamp = 0.0

[node name="CollisionShape3D" type="CollisionShape3D" parent="main/GeneralSkeleton/PhysicalBoneSimulator3D/Physical Bone LeftHand" index="0"]
transform = Transform3D(1, 0, 0, 0, 0, 1, 0, -1, 0, 0, 0, 0)
shape = SubResource("CapsuleShape3D_0su52")

[node name="Physical Bone LeftThumbMetacarpal" type="PhysicalBone3D" parent="main/GeneralSkeleton/PhysicalBoneSimulator3D" index="29"]
transform = Transform3D(-0.43919197, -0.39961433, 0.8046234, -0.14144586, 0.91521233, 0.37733197, -0.88718855, 0.05191053, -0.45847774, -0.10304576, 0.70471287, 0.58378917)
joint_type = 1
joint_offset = Transform3D(1, 0, 0, 0, 1, 0, 0, 0, 1, 7.66525e-06, 4.9020164e-06, 0.020929605)
body_offset = Transform3D(-0.18070446, 0.8762002, 0.44678754, -4.053116e-06, 0.4545415, -0.89140797, -0.9841353, -0.16108313, -0.082134336, -0.009353995, 0.018654585, 0.0017273724)
bone_name = "LeftThumbMetacarpal"
joint_constraints/bias = 0.3
joint_constraints/damping = 1.0
joint_constraints/impulse_clamp = 0.0

[node name="CollisionShape3D" type="CollisionShape3D" parent="main/GeneralSkeleton/PhysicalBoneSimulator3D/Physical Bone LeftThumbMetacarpal" index="0"]
transform = Transform3D(1, 0, 0, 0, 0, 1, 0, -1, 0, 0, 0, 0)
shape = SubResource("CapsuleShape3D_8bkic")

